0
-1
-1
0
8
18
35
46
56
55
55
44
32
14
-5
-22
-41
-53
-63
-62
-62
-51
-38
-20
-2
16
35
46
56
55
55
44
32
14
-5
-22
-41
-53
-63
-62
-62
-51
-38
-20
-2
16
35
46
57
56
56
45
34
15
-4
-21
-40
-53
-63
-62
-62
-51
-38
-20
-2
16
35
46
57
56
56
45
33
14
-5
-22
-41
-53
-63
-62
-62
-51
-38
-20
-2
16
35
46
56
55
55
44
32
14
-4
-21
-39
-51
-61
-61
-62
-52
-40
-22
-4
15
33
45
55
54
54
44
32
14
-5
-22
-41
-53
-64
-63
-64
-53
-40
-21
-4
15
34
45
56
56
57
46
34
15
-3
-21
-39
-51
-61
-61
-62
-52
-39
-21
-3
16
35
46
56
55
55
44
33
15
-4
-21
-40
-53
-64
-63
-63
-52
-39
-20
-3
15
34
45
56
56
57
46
34
15
-4
-22
-40
-52
-62
-61
-61
-51
-38
-20
-2
16
34
45
55
54
55
45
34
16
-3
-21
-39
-52
-63
-62
-62
-62
-62
-62
-62
-62
-62
-62
-62
-62
-62
